rtx.useVertexCapture = False
rtx.useVertexCapturedNormals = False
rtx.useWorldMatricesForShaders = False
rtx.fallbackLightMode = 0
rtx.worldSpaceUiTextures = 0x7D99E998085AC276
rtx.vertexColorIsBakedLighting = True
rtx.playerModelBodyTextures = 0x3D322B47CA2DA914
rtx.uiTextures = 0x024367B26E4CC975, 0x03CC8AD0D2AA1B86, 0x060B747BC40C0615, 0x0C9D502A1B889524, 0x0F3A8F6F82104124, 0x1F041FAE0A5A9E26, 0x24F26E7F8FCF839E, 0x2A35F86272A73C0B, 0x479651D489C41E31, 0x4AD2094272D66710, 0x4D6EFA7E3B47A6E8, 0x4F77C42CE91F5A6A, 0x53820A057AEB1522, 0x5474F62F4B2AA8F3, 0x65EB820FC4C8FBDA, 0x686C9BB62113BDF2, 0x6A1C8150B673AB92, 0x77B12821C6788B97, 0x7D99E998085AC276, 0x8D329EE9237001BE, 0x8D69C6653E4ABB93, 0x909E10AD601EB341, 0x91591BB1FABD4509, 0x9930EE61D870EB73, 0x9C7E1882A75867EC, 0xA817DE7E407A1218, 0xC37CF73DA02649ED, 0xCC9EA3DB53BB92B6, 0xD0E0395B892DAEED, 0xD4EBE58244DC6F1A, 0xDD4A3F4214A0DD7B, 0xE569FFF6EC8841DF, 0xEC304FCEE86C5EEB, 0xED021FE370B9E1D8, 0xF0664EA4E21E02A4, 0xF5785B9F9916ADF7, 0xFDDA023A5218F05F
rtx.ignoreTextures = 0x4C504A69A865CA7B, 0x7D99E998085AC276, 0x8F34A69219B6E396
rtx.effectLightRadius = 0.01
rtx.suppressLightKeeping = True
rtx.emissiveIntensity = 2
rtx.effectLightColor = 0.894118, 0.592964, 0.0683737
rtx.skyBoxTextures = 0x2CD914F2C6F767FC, 0x44F7D33E4A4429FB, 0x956BB7A640976BC2, 0xA748E423D3F2FB64, 0xA7ECC804EAD9DC51, 0xAD05AD644ACFC4A5, 0xB478CD86ECFA8B9B, 0xC18C140AB2C347A3
rtx.decalTextures = 0x2DD894FDA1096A62, 0x5CDC06505CD470F0, 0xAAC6B06EE07A4258
rtx.fusedWorldViewMode = 0
rtx.lightConversionSphereLightFixedRadius = 360
rtx.lightConverter = 0x2DD894FDA1096A62, 0x3B90F5C22C283CC3, 0x44F7D33E4A4429FB, 0x4770B9F44C1ED24F, 0x5490091CC331EAFA, 0x7155F5E59BE06757, 0xA5CB4FEAA2FB82EB, 0xADA5000817E7AABA, 0xD4495BA3E8AB3F79, 0xDC2A4E48DDA7DFC2, 0xDD999A277F08E526
rtx.replaceDirectSpecularHitTWithIndirectSpecularHitT = False
rtx.dlssPreset = 1
rtx.animatedWaterTextures = 0x0214F6E688FCDF1C
rtx.effectLightIntensity = 9e-05
rtx.beamTextures = 0x5490091CC331EAFA
rtx.enableRaytracing = True
rtx.ignoreAlphaOnTextures = 0xAB901438D269ABB2
rtx.gui.showLegacyTextureGui = False
rtx.particleTextures = 0x628E1BFB1689E264
